 <pre>

 Contingency table for Visibility (m)
 Selection: ALL    698 stations
Period: 20201204-20201216
Used {00,03,...,21} + 00 01 ... 09
 Limits    1000.00000       5000.00000       10000.0000       20000.0000    
 Each class is data <= limit, the very last > last limit
 Total number of values      449266
                                     OBSERVATION
                                   6551     6972     1963      966      734 |     17186
                                   6903    42565    24933    15886     9393 |     99680
                     MNWC_cy43     1627    20835    28178    27954    16896 |     95490
                                    468     7251    20622    36196    31793 |     96330
                                   1604    15216    29819    47478    46463 |    140580

                    SUM           17153    92839   105515   128480   105279 |    449266
                                     OBSERVATION
                                   6959     7255     2169     1004      674 |     18061
                                   6632    41644    24501    15816     9029 |     97622
                   MEPS2_preop     1271    18295    24402    24284    14404 |     82656
                                    386     6357    16229    27670    24808 |     75450
                                   1905    19288    38214    59706    56364 |    175477

                    SUM           17153    92839   105515   128480   105279 |    449266
                                     OBSERVATION
                                   8148    12157     4356     2512     2046 |     29219
                                   6158    41359    25222    17080    11743 |    101562
                    MNWC_preop     1933    23716    32943    31011    18656 |    108259
                                    467     8736    24452    42547    36004 |    112206
                                    447     6871    18542    35330    36830 |     98020

                    SUM           17153    92839   105515   128480   105279 |    449266

