 <pre>

 Contingency table for Cloud cover (octas)
 Selection: ALL    645 stations
Period: 20201204-20201216
Used {00,03,...,21} + 01 02 04 05 07 08
 Limits   0.500000000       1.50000000       2.50000000       3.50000000       4.50000000       5.50000000       6.50000000       7.50000000    
 Each class is data <= limit, the very last > last limit
 Total number of values      216199
                                                       OBSERVATION
                                  12888      845      766      384      265      300      361      765     1568 |     18142
                                    965      163      174       98       95      113      148      417     1048 |      3221
                                    511       96      140       70       54       68      100      301      796 |      2136
                                    398       72       95       60       47       60       87      270      752 |      1841
                     MNWC_cy43      376       61       64       55       35       81       76      312      827 |      1887
                                    396       69       76       51       58       69      103      333      968 |      2123
                                    600       98      115       74       61      108      148      462     1413 |      3079
                                    900      136      187      176      142      143      258      879     2903 |      5724
                                   4154      873      922     1033      897     1510     2472    21027   145158 |    178046

                    SUM           21188     2413     2539     2001     1654     2452     3753    24766   155433 |    216199
                                                       OBSERVATION
                                  13189      981      899      457      355      420      513     1328     2962 |     21104
                                   1016      169      203      139      123      164      184      622     1538 |      4158
                                    546       74      130       73       76      104      140      439     1184 |      2766
                                    428      112       86       56       55       83      116      351     1024 |      2311
                   MEPS2_preop      411       75       81       68       54       75      115      379     1070 |      2328
                                    399       59       76       71       76       85      140      470     1285 |      2661
                                    567       80       99       95       87      110      161      568     1651 |      3418
                                    844      106      182      155      148      154      284     1087     3425 |      6385
                                   3788      757      783      887      680     1257     2100    19522   141294 |    171068

                    SUM           21188     2413     2539     2001     1654     2452     3753    24766   155433 |    216199
                                                       OBSERVATION
                                  15287     1157     1113      561      386      492      584     1393     2730 |     23703
                                    788      167      220      174      107      161      196      682     1810 |      4305
                                    466       84      100       88       81       83      150      478     1235 |      2765
                                    319       73       80       79       62       80      124      443     1119 |      2379
                    MNWC_preop      299       65       82       64       62       81      124      398     1096 |      2271
                                    324       59       84       61       52       66      148      432     1255 |      2481
                                    401       63      104       73       94      104      138      586     1830 |      3393
                                    676      125      138      145      127      159      284     1111     3590 |      6355
                                   2628      620      618      756      683     1226     2005    19243   140768 |    168547

                    SUM           21188     2413     2539     2001     1654     2452     3753    24766   155433 |    216199

