 <pre>

 Contingency table for Visibility (m)
 Selection: ALL    696 stations
Period: 20201204-20201214
Used {00,03,...,21} + 00 01 ... 09
 Limits    1000.00000       5000.00000       10000.0000       20000.0000    
 Each class is data <= limit, the very last > last limit
 Total number of values      363828
                                     OBSERVATION
                                   5543     5489     1347      694      532 |     13605
                                   5160    30678    17732    11693     6589 |     71852
                  cy43_new_2_2     1209    16031    22318    22204    11957 |     73719
                                    410     5627    18085    32655    26907 |     83684
                                   1289    12056    25993    41841    39789 |    120968

                    SUM           13611    69881    85475   109087    85774 |    363828
                                     OBSERVATION
                                   5813     5821     1558      752      500 |     14444
                                   4936    29855    17497    11757     6340 |     70385
                   MEPS2_preop      966    13938    19195    19444    10309 |     63852
                                    341     5015    14140    24871    21090 |     65457
                                   1555    15252    33085    52263    47535 |    149690

                    SUM           13611    69881    85475   109087    85774 |    363828
                                     OBSERVATION
                                   4255     3249      784      445      371 |      9104
                                   5285    24798    12212     7678     4447 |     54420
                  cy43_new_2_3     1892    18685    20808    18623    10415 |     70423
                                    612     7896    20946    35774    27378 |     92606
                                   1567    15253    30725    46567    43163 |    137275

                    SUM           13611    69881    85475   109087    85774 |    363828
                                     OBSERVATION
                                   6767     9432     3096     1885     1607 |     22787
                                   4657    30206    18195    12636     8571 |     74265
                    MNWC_preop     1414    18136    26405    24794    13120 |     83869
                                    382     6665    21284    38372    30261 |     96964
                                    391     5442    16495    31400    32215 |     85943

                    SUM           13611    69881    85475   109087    85774 |    363828

