 <pre>

 Contingency table for Visibility (m)
 Selection: ALL    696 stations
Period: 20201204-20201214
Used {00,03,...,21} + 00 01 ... 09
 Limits    1000.00000       5000.00000       10000.0000       20000.0000    
 Each class is data <= limit, the very last > last limit
 Total number of values      367843
                                     OBSERVATION
                                   5597     5531     1358      697      537 |     13720
                                   5199    30976    17902    11842     6659 |     72578
                  cy43_new_2_2     1212    16151    22517    22588    12106 |     74574
                                    410     5710    18252    32916    27195 |     84483
                                   1301    12227    26289    42443    40228 |    122488

                    SUM           13719    70595    86318   110486    86725 |    367843
                                     OBSERVATION
                                   5867     5863     1569      756      507 |     14562
                                   4975    30157    17674    11927     6413 |     71146
                   MEPS2_preop      969    14010    19296    19577    10377 |     64229
                                    341     5042    14200    24980    21192 |     65755
                                   1567    15523    33579    53246    48236 |    152151

                    SUM           13719    70595    86318   110486    86725 |    367843
                                     OBSERVATION
                                   4297     3273      788      446      374 |      9178
                                   5333    25076    12347     7797     4504 |     55057
                  cy43_new_2_3     1897    18805    20946    18857    10550 |     71055
                                    613     7944    21043    35913    27469 |     92982
                                   1579    15497    31194    47473    43828 |    139571

                    SUM           13719    70595    86318   110486    86725 |    367843
                                     OBSERVATION
                                   3832     3513      927      491      392 |      9155
                                   5984    29358    16898    11967     7638 |     71845
                      cy43_new     1936    18144    22146    21350    12125 |     75701
                                    566     6995    20656    35905    27565 |     91687
                                   1401    12585    25691    40773    39005 |    119455

                    SUM           13719    70595    86318   110486    86725 |    367843

