 <pre>

 Contingency table for Cloud base (m)
 Selection: ALL    608 stations
Period: 20201204-20201214
Used {00,03,...,21} + 01 02 04 05 07 08
 Limits    70.0000000       150.000000       300.000000       600.000000       1000.00000       1500.00000       2500.00000       5000.00000    
 Each class is data <= limit, the very last > last limit
 Total number of values      157714
                                                       OBSERVATION
                                   2568     4036     1287      358      176      167      107      220       97 |      9016
                                   1520     5094     2980      719      211      103       28       91       18 |     10764
                                   1358     7921    12070     4428      900      238       97      179       41 |     27232
                                    727     4841    16355    20924     4615      856      305      649      181 |     49453
                  cy43_new_2_2      291     1273     3524     7017     5271     1388      362      558      177 |     19861
                                    186      455     1185     2064     1769     1180      355      418      111 |      7723
                                    158      421      913     1480     1057      869      632      515       85 |      6130
                                    108      442     1117     1584     1002      511      634     1990      247 |      7635
                                    504     1049     2260     3874     3109     1605     1123     4106     2270 |     19900

                    SUM            7420    25532    41691    42448    18110     6917     3643     8726     3227 |    157714
                                                       OBSERVATION
                                   2856     4426     1514      400      190      271      119      349      141 |     10266
                                   1545     5390     3267      823      264      116       60      132       14 |     11611
                                   1140     6824    11325     4723      888      248      111      188       33 |     25480
                                    953     5186    16270    20399     4439      785      334      814      247 |     49427
                   MEPS2_preop      303     1710     4275     7846     5754     1330      273      601      160 |     22252
                                    101      535     1382     2444     2123     1337      323      333      111 |      8689
                                     75      230      565      891      647      493      451      274       27 |      3653
                                     18       87      264      409      282      264      491     1099       47 |      2961
                                    429     1144     2829     4513     3523     2073     1481     4936     2447 |     23375

                    SUM            7420    25532    41691    42448    18110     6917     3643     8726     3227 |    157714
                                                       OBSERVATION
                                   1635     2143      455      145      120      135       81      185      100 |      4999
                                   1211     2752     1062      229       73       41       18       58        9 |      5453
                                   1572     6967     6593     1922      436      120       44       97       24 |     17775
                                   1136     7279    18982    18384     3556      577      185      463      124 |     50686
                  cy43_new_2_3      454     2372     6166     9093     5574     1330      310      522      152 |     25973
                                    288      942     2046     3012     2231     1418      428      441      125 |     10931
                                    203      675     1520     2271     1373      987      715      543       81 |      8368
                                    186      670     1633     2328     1226      606      714     2198      274 |      9835
                                    735     1732     3234     5064     3521     1703     1148     4219     2338 |     23694

                    SUM            7420    25532    41691    42448    18110     6917     3643     8726     3227 |    157714
                                                       OBSERVATION
                                   2441     4006     1413      392      193      155      107      236       81 |      9024
                                   1162     3749     2248      472      130       51       22       62       12 |      7908
                                   1294     6525     8260     2610      532      147       65      122       26 |     19581
                                    942     5932    16116    15463     3157      583      182      391       86 |     42852
                    MNWC_preop      483     2317     5919    10033     5133     1299      314      572      109 |     26179
                                    276     1045     2747     3849     2579     1502      425      464      107 |     12994
                                    127      499     1322     2225     1275      804      654      574       95 |      7575
                                    117      320      671     1151      675      449      595     1615      203 |      5796
                                    578     1139     2995     6253     4436     1927     1279     4690     2508 |     25805

                    SUM            7420    25532    41691    42448    18110     6917     3643     8726     3227 |    157714

