 <pre>

 Contingency table for Visibility (m)
 Selection: ALL    696 stations
Period: 20201204-20201211
Used {00,03,...,21} + 00 01 ... 09
 Limits    1000.00000       5000.00000       10000.0000       20000.0000    
 Each class is data <= limit, the very last > last limit
 Total number of values      276130
                                     OBSERVATION
                                   4248     4000     1037      515      437 |     10237
                                   3342    20283    12485     8271     4912 |     49293
                  cy43_new_2_2      918    11338    16014    16248     9293 |     53811
                                    280     3952    14160    25895    22039 |     66326
                                    842     8792    20682    34184    31963 |     96463

                    SUM            9630    48365    64378    85113    68644 |    276130
                                     OBSERVATION
                                   4467     4334     1207      552      398 |     10958
                                   3154    19609    12605     8586     4822 |     48776
                   MEPS2_preop      743     9717    13578    14411     8039 |     46488
                                    250     3662    11328    19822    17334 |     52396
                                   1016    11043    25660    41742    38051 |    117512

                    SUM            9630    48365    64378    85113    68644 |    276130
                                     OBSERVATION
                                   3330     2419      591      346      315 |      7001
                                   3596    16778     8838     5494     3334 |     38040
                  cy43_new_2_3     1278    12945    15267    13926     8133 |     51549
                                    430     5409    15975    28218    22485 |     72517
                                    996    10814    23707    37129    34377 |    107023

                    SUM            9630    48365    64378    85113    68644 |    276130
                                     OBSERVATION
                                   4971     6796     2332     1270     1214 |     16583
                                   3062    20260    12659     8560     6292 |     50833
                    MNWC_preop     1035    12731    19436    18696    10277 |     62175
                                    288     4756    16886    30784    25149 |     77863
                                    274     3822    13065    25803    25712 |     68676

                    SUM            9630    48365    64378    85113    68644 |    276130

