 <pre>

 Contingency table for Cloud cover (octas)
 Selection: ALL    591 stations
Period: 20201204-20201214
Used {00,03,...,21} + 01 02 04 05 07 08
 Limits   0.500000000       1.50000000       2.50000000       3.50000000       4.50000000       5.50000000       6.50000000       7.50000000    
 Each class is data <= limit, the very last > last limit
 Total number of values      174806
                                                       OBSERVATION
                                  12584      733      713      323      210      259      328      660     1335 |     17145
                                    901      125      161       82       77       97      133      362      868 |      2806
                                    490       72      122       61       47       60       92      245      628 |      1817
                                    382       55       83       52       34       49       74      227      618 |      1574
                  cy43_new_2_2      353       46       56       46       29       71       66      249      661 |      1577
                                    376       49       65       45       51       54       83      275      737 |      1735
                                    579       80      104       68       51       94      124      357     1065 |      2522
                                    852      117      168      162      131      121      222      710     2219 |      4702
                                   3469      732      802      892      752     1221     2025    16419   114616 |    140928

                    SUM           19986     2009     2274     1731     1382     2026     3147    19504   122747 |    174806
                                                       OBSERVATION
                                  12879      864      835      389      288      373      470     1175     2604 |     19877
                                    968      129      178      123      102      139      163      529     1304 |      3635
                                    515       60      108       68       56       91      128      357      972 |      2355
                                    402       94       77       54       48       73       97      280      819 |      1944
                   MEPS2_preop      382       55       72       66       48       60       97      316      833 |      1929
                                    372       48       70       65       67       74      118      355      976 |      2145
                                    535       57       88       87       78       89      126      447     1234 |      2741
                                    809       88      171      135      129      124      237      835     2448 |      4976
                                   3124      614      675      744      566     1003     1711    15210   111557 |    135204

                    SUM           19986     2009     2274     1731     1382     2026     3147    19504   122747 |    174806
                                                       OBSERVATION
                                  12850      765      757      344      218      261      344      726     1651 |     17916
                                    886      134      162       88       76       96      130      414     1051 |      3037
                                    501       64      103       56       42       63      101      276      841 |      2047
                                    373       59       84       53       31       56       70      246      727 |      1699
                  cy43_new_2_3      331       47       53       46       37       55       71      257      782 |      1679
                                    352       52       58       57       40       66       76      263      908 |      1872
                                    595       76      107       79       61       88      131      380     1361 |      2878
                                    844      118      163      149      144      141      244      818     2745 |      5366
                                   3254      694      787      859      733     1200     1980    16124   112681 |    138312

                    SUM           19986     2009     2274     1731     1382     2026     3147    19504   122747 |    174806
                                                       OBSERVATION
                                  14912      979     1032      490      317      431      529     1209     2299 |     22198
                                    732      133      187      140       85      131      167      570     1467 |      3612
                                    417       63       86       75       63       62      130      393      984 |      2273
                                    301       61       72       68       53       67      108      379      909 |      2018
                    MNWC_preop      288       55       73       60       49       69      103      317      855 |      1869
                                    301       47       79       55       43       55      126      340      985 |      2031
                                    376       56       93       67       84       92      121      470     1364 |      2723
                                    644      111      124      131      111      135      240      872     2637 |      5005
                                   2015      504      528      645      577      984     1623    14954   111247 |    133077

                    SUM           19986     2009     2274     1731     1382     2026     3147    19504   122747 |    174806

