 <pre>

 Contingency table for Cloud base (m)
 Selection: ALL    609 stations
Period: 20201204-20201216
Used {00,03,...,21} + 01 02 04 05 07 08
 Limits    70.0000000       150.000000       300.000000       600.000000       1000.00000       1500.00000       2500.00000       5000.00000    
 Each class is data <= limit, the very last > last limit
 Total number of values      198502
                                                       OBSERVATION
                                   3203     5282     1677      578      276      184      111      227      120 |     11658
                                   1955     6852     3994     1076      385      123       48      105       31 |     14569
                                   1658    10301    15293     5678     1361      333      126      243       67 |     35060
                                    933     5931    19051    24188     5840     1116      390      763      231 |     58443
                     MNWC_cy43      384     1722     4479     8679     6529     1813      450      607      214 |     24877
                                    232      649     1722     2979     2438     1577      475      487      133 |     10692
                                    191      559     1312     2073     1454     1139      945      663      129 |      8465
                                    141      602     1477     2043     1465      733      872     2357      285 |      9975
                                    702     1421     2885     4757     3870     2014     1475     4772     2867 |     24763

                    SUM            9399    33319    51890    52051    23618     9032     4892    10224     4077 |    198502
                                                       OBSERVATION
                                   3610     5746     1936      645      314      282      133      361      169 |     13196
                                   1987     7278     4297     1236      440      143       78      152       42 |     15653
                                   1386     9021    14356     5810     1299      320      134      259       56 |     32641
                                   1129     6278    19037    23694     5610     1068      405      935      344 |     58500
                   MEPS2_preop      439     2257     5385     9769     7215     1741      352      656      207 |     28021
                                    130      751     2010     3372     2852     1754      399      361      113 |     11742
                                     81      332      891     1425     1008      744      719      378       63 |      5641
                                     29      143      419      602      399      368      670     1322       49 |      4001
                                    608     1513     3559     5498     4481     2612     2002     5800     3034 |     29107

                    SUM            9399    33319    51890    52051    23618     9032     4892    10224     4077 |    198502
                                                       OBSERVATION
                                   2996     5049     1791      641      312      171      114      242       91 |     11407
                                   1488     4993     2931      729      268       66       32       74       18 |     10599
                                   1606     8466    10328     3431      821      208       90      163       32 |     25145
                                   1185     7354    18881    17934     3994      761      232      461      114 |     50916
                    MNWC_preop      633     3102     7422    11962     6585     1609      401      640      139 |     32493
                                    344     1543     3784     5250     3610     2169      556      554      123 |     17933
                                    146      775     1931     3100     1747     1064      943      726      129 |     10561
                                    143      478      959     1472      877      607      798     1888      233 |      7455
                                    858     1559     3863     7532     5404     2377     1726     5476     3198 |     31993

                    SUM            9399    33319    51890    52051    23618     9032     4892    10224     4077 |    198502

