 <pre>

 Contingency table for Cloud base (m)
 Selection: ALL    608 stations
Period: 20201204-20201214
Used {00,03,...,21} + 01 02 04 05 07 08
 Limits    70.0000000       150.000000       300.000000       600.000000       1000.00000       1500.00000       2500.00000       5000.00000    
 Each class is data <= limit, the very last > last limit
 Total number of values      157714
                                                       OBSERVATION
                                   2568     4036     1287      358      176      167      107      220       97 |      9016
                                   1520     5094     2980      719      211      103       28       91       18 |     10764
                                   1358     7921    12070     4428      900      238       97      179       41 |     27232
                                    727     4841    16355    20924     4615      856      305      649      181 |     49453
                  cy43_new_2_2      291     1273     3524     7017     5271     1388      362      558      177 |     19861
                                    186      455     1185     2064     1769     1180      355      418      111 |      7723
                                    158      421      913     1480     1057      869      632      515       85 |      6130
                                    108      442     1117     1584     1002      511      634     1990      247 |      7635
                                    504     1049     2260     3874     3109     1605     1123     4106     2270 |     19900

                    SUM            7420    25532    41691    42448    18110     6917     3643     8726     3227 |    157714
                                                       OBSERVATION
                                   2856     4426     1514      400      190      271      119      349      141 |     10266
                                   1545     5390     3267      823      264      116       60      132       14 |     11611
                                   1140     6824    11325     4723      888      248      111      188       33 |     25480
                                    953     5186    16270    20399     4439      785      334      814      247 |     49427
                   MEPS2_preop      303     1710     4275     7846     5754     1330      273      601      160 |     22252
                                    101      535     1382     2444     2123     1337      323      333      111 |      8689
                                     75      230      565      891      647      493      451      274       27 |      3653
                                     18       87      264      409      282      264      491     1099       47 |      2961
                                    429     1144     2829     4513     3523     2073     1481     4936     2447 |     23375

                    SUM            7420    25532    41691    42448    18110     6917     3643     8726     3227 |    157714
                                                       OBSERVATION
                                   1635     2143      455      145      120      135       81      185      100 |      4999
                                   1211     2752     1062      229       73       41       18       58        9 |      5453
                                   1572     6967     6593     1922      436      120       44       97       24 |     17775
                                   1136     7279    18982    18384     3556      577      185      463      124 |     50686
                  cy43_new_2_3      454     2372     6166     9093     5574     1330      310      522      152 |     25973
                                    288      942     2046     3012     2231     1418      428      441      125 |     10931
                                    203      675     1520     2271     1373      987      715      543       81 |      8368
                                    186      670     1633     2328     1226      606      714     2198      274 |      9835
                                    735     1732     3234     5064     3521     1703     1148     4219     2338 |     23694

                    SUM            7420    25532    41691    42448    18110     6917     3643     8726     3227 |    157714
                                                       OBSERVATION
                                   1677     2622      909      198       62       61       40      101       53 |      5723
                                   1402     4188     2430      489      143       63       29       71       13 |      8828
                                   1564     7444    10390     3760      637      209       87      123       37 |     24251
                                   1153     6349    16396    17989     3779      678      229      532      161 |     47266
                      cy43_new      540     2280     5190     8708     5452     1421      336      607      158 |     24692
                                    248      896     2237     3627     2598     1373      426      499      130 |     12034
                                    139      482     1394     2238     1387      904      672      605       91 |      7912
                                    125      273      586     1054      639      413      609     1954      235 |      5888
                                    572      998     2159     4385     3413     1795     1215     4234     2349 |     21120

                    SUM            7420    25532    41691    42448    18110     6917     3643     8726     3227 |    157714

