 <pre>

 Contingency table for Cloud base (m)
 Selection: ALL    608 stations
Period: 20201204-20201211
Used {00,03,...,21} + 01 02 04 05 07 08
 Limits    70.0000000       150.000000       300.000000       600.000000       1000.00000       1500.00000       2500.00000       5000.00000    
 Each class is data <= limit, the very last > last limit
 Total number of values      116544
                                                       OBSERVATION
                                   1664     2953      900      247      140      140       98      192       81 |      6415
                                    942     3620     2055      478      141       68       22       71       14 |      7411
                                    883     5715     8966     3197      583      156       67      141       39 |     19747
                                    403     3068    12279    16601     3285      556      234      513      151 |     37090
                  cy43_new_2_2      137      687     2269     4742     3783     1066      261      419      171 |     13535
                                    105      286      765     1310     1133      916      269      282      106 |      5172
                                     68      274      622     1081      805      699      460      414       68 |      4491
                                     75      283      790     1250      766      405      540     1738      223 |      6070
                                    367      756     1653     3182     2496     1367      926     3722     2144 |     16613

                    SUM            4644    17642    30299    32088    13132     5373     2877     7492     2997 |    116544
                                                       OBSERVATION
                                   1889     3273     1054      290      138      239      106      300      107 |      7396
                                    923     3829     2300      560      185       86       38      112       11 |      8044
                                    734     4986     8317     3501      601      160       84      137       33 |     18553
                                    571     3338    12327    16372     3269      540      273      676      199 |     37565
                   MEPS2_preop      119      864     2745     5162     4146      990      179      432      140 |     14777
                                     52      315      853     1498     1264      959      243      188      108 |      5480
                                     46      138      353      607      450      376      302      185       14 |      2471
                                     11       66      213      353      242      240      437      925       40 |      2527
                                    299      833     2137     3745     2837     1783     1215     4537     2345 |     19731

                    SUM            4644    17642    30299    32088    13132     5373     2877     7492     2997 |    116544
                                                       OBSERVATION
                                   1120     1593      328      108       94      114       77      154       85 |      3673
                                    798     1969      736      162       55       35       18       44        7 |      3824
                                   1077     5145     4891     1362      284       77       34       79       24 |     12973
                                    631     4997    14391    14672     2591      371      133      364       97 |     38247
                  cy43_new_2_3      196     1331     4123     6288     3936      990      220      398      144 |     17626
                                    161      557     1281     1914     1415     1086      324      305      121 |      7164
                                     77      389     1001     1554     1003      794      520      413       68 |      5819
                                    126      445     1198     1827      923      475      602     1935      250 |      7781
                                    458     1216     2350     4201     2831     1431      949     3800     2201 |     19437

                    SUM            4644    17642    30299    32088    13132     5373     2877     7492     2997 |    116544
                                                       OBSERVATION
                                   1669     2968      999      274      144      132       95      201       73 |      6555
                                    713     2795     1615      328       93       41       17       51       12 |      5665
                                    827     4773     6321     1923      377       89       39       89       25 |     14463
                                    552     3852    11999    12173     2216      406      138      313       65 |     31714
                    MNWC_preop      204     1311     3919     6977     3552      948      220      434       98 |     17663
                                    121      536     1722     2498     1556     1057      332      310       99 |      8231
                                     65      270      908     1642      901      631      450      415       79 |      5361
                                     71      214      512      930      554      410      510     1355      163 |      4719
                                    422      923     2304     5343     3739     1659     1076     4324     2383 |     22173

                    SUM            4644    17642    30299    32088    13132     5373     2877     7492     2997 |    116544

