 <pre>

 Contingency table for Cloud cover (octas)
 Selection: ALL    591 stations
Period: 20201204-20201214
Used {00,03,...,21} + 01 02 04 05 07 08
 Limits   0.500000000       1.50000000       2.50000000       3.50000000       4.50000000       5.50000000       6.50000000       7.50000000    
 Each class is data <= limit, the very last > last limit
 Total number of values      174806
                                                       OBSERVATION
                                  12584      733      713      323      210      259      328      660     1335 |     17145
                                    901      125      161       82       77       97      133      362      868 |      2806
                                    490       72      122       61       47       60       92      245      628 |      1817
                                    382       55       83       52       34       49       74      227      618 |      1574
                  cy43_new_2_2      353       46       56       46       29       71       66      249      661 |      1577
                                    376       49       65       45       51       54       83      275      737 |      1735
                                    579       80      104       68       51       94      124      357     1065 |      2522
                                    852      117      168      162      131      121      222      710     2219 |      4702
                                   3469      732      802      892      752     1221     2025    16419   114616 |    140928

                    SUM           19986     2009     2274     1731     1382     2026     3147    19504   122747 |    174806
                                                       OBSERVATION
                                  12879      864      835      389      288      373      470     1175     2604 |     19877
                                    968      129      178      123      102      139      163      529     1304 |      3635
                                    515       60      108       68       56       91      128      357      972 |      2355
                                    402       94       77       54       48       73       97      280      819 |      1944
                   MEPS2_preop      382       55       72       66       48       60       97      316      833 |      1929
                                    372       48       70       65       67       74      118      355      976 |      2145
                                    535       57       88       87       78       89      126      447     1234 |      2741
                                    809       88      171      135      129      124      237      835     2448 |      4976
                                   3124      614      675      744      566     1003     1711    15210   111557 |    135204

                    SUM           19986     2009     2274     1731     1382     2026     3147    19504   122747 |    174806
                                                       OBSERVATION
                                  12850      765      757      344      218      261      344      726     1651 |     17916
                                    886      134      162       88       76       96      130      414     1051 |      3037
                                    501       64      103       56       42       63      101      276      841 |      2047
                                    373       59       84       53       31       56       70      246      727 |      1699
                  cy43_new_2_3      331       47       53       46       37       55       71      257      782 |      1679
                                    352       52       58       57       40       66       76      263      908 |      1872
                                    595       76      107       79       61       88      131      380     1361 |      2878
                                    844      118      163      149      144      141      244      818     2745 |      5366
                                   3254      694      787      859      733     1200     1980    16124   112681 |    138312

                    SUM           19986     2009     2274     1731     1382     2026     3147    19504   122747 |    174806
                                                       OBSERVATION
                                  14013      906      929      448      262      340      409      949     1787 |     20043
                                    751      130      159       90       71      110      154      446      954 |      2865
                                    434       53      106       65       48       69       97      264      687 |      1823
                                    329       40       73       33       44       45       77      238      687 |      1566
                      cy43_new      259       52       45       41       45       56       95      253      683 |      1529
                                    266       41       58       50       52       65       94      281      803 |      1710
                                    447       58       85       85       67       84      116      370     1072 |      2384
                                    725       98      139      127      118      142      209      736     2212 |      4506
                                   2762      631      680      792      675     1115     1896    15967   113862 |    138380

                    SUM           19986     2009     2274     1731     1382     2026     3147    19504   122747 |    174806

