 <pre>

 Contingency table for Cloud cover (octas)
 Selection: ALL    590 stations
Period: 20201204-20201211
Used {00,03,...,21} + 01 02 04 05 07 08
 Limits   0.500000000       1.50000000       2.50000000       3.50000000       4.50000000       5.50000000       6.50000000       7.50000000    
 Each class is data <= limit, the very last > last limit
 Total number of values      133380
                                                       OBSERVATION
                                  12259      643      640      281      195      237      305      602     1162 |     16324
                                    832      110      141       70       74       91      111      316      687 |      2432
                                    443       62      105       54       42       55       77      207      476 |      1521
                                    346       48       75       43       32       40       69      193      464 |      1310
                  cy43_new_2_2      315       40       49       38       26       64       57      210      485 |      1284
                                    338       38       52       34       46       48       74      219      535 |      1384
                                    512       72       88       50       48       88      102      281      765 |      2006
                                    742      102      135      129      119      104      184      576     1562 |      3653
                                   3067      652      661      752      674     1053     1682    12570    82355 |    103466

                    SUM           18854     1767     1946     1451     1256     1780     2661    15174    88491 |    133380
                                                       OBSERVATION
                                  12517      755      745      327      270      334      422     1055     2241 |     18666
                                    889      118      153      110       95      121      133      437     1022 |      3078
                                    461       52       91       51       52       82      112      309      740 |      1950
                                    363       75       64       50       41       63       81      233      622 |      1592
                   MEPS2_preop      339       50       60       59       46       54       85      262      624 |      1579
                                    319       39       57       54       62       61      103      297      732 |      1724
                                    472       46       69       74       68       80      112      375      916 |      2212
                                    703       75      135      113      115      108      199      682     1799 |      3929
                                   2791      557      572      613      507      877     1414    11524    79795 |     98650

                    SUM           18854     1767     1946     1451     1256     1780     2661    15174    88491 |    133380
                                                       OBSERVATION
                                  12504      671      671      302      202      235      320      650     1375 |     16930
                                    812      122      145       73       73       91      107      346      805 |      2574
                                    456       56       88       46       37       53       84      235      629 |      1684
                                    329       48       78       40       31       53       66      218      523 |      1386
                  cy43_new_2_3      289       39       44       38       32       46       62      208      574 |      1332
                                    308       44       46       47       37       59       64      200      617 |      1422
                                    536       72       88       64       53       79      100      315      963 |      2270
                                    735       98      131      118      131      122      215      658     1905 |      4113
                                   2885      617      655      723      660     1042     1643    12344    81100 |    101669

                    SUM           18854     1767     1946     1451     1256     1780     2661    15174    88491 |    133380
                                                       OBSERVATION
                                  14427      860      938      426      303      398      486     1106     2037 |     20981
                                    658      116      158      114       76      114      140      490     1209 |      3075
                                    357       54       72       60       56       56      113      333      786 |      1887
                                    266       54       61       57       50       61       94      317      744 |      1704
                    MNWC_preop      245       43       56       47       43       65       85      267      672 |      1523
                                    266       39       61       45       38       46      113      281      757 |      1646
                                    322       49       73       52       70       76      103      378     1048 |      2171
                                    535       92       88      109       96      109      190      753     1998 |      3970
                                   1778      460      439      541      524      855     1337    11249    79240 |     96423

                    SUM           18854     1767     1946     1451     1256     1780     2661    15174    88491 |    133380

